 5 + 2.6
Manish
Manish + Parihar
30 + 30 - 20
x <- 5 + 2.6
87 - 105
x <- 5
y <- 10
z <- x + y
 
z

32.4 * 18
13/8
6^3
